 1  3.632E-02  1.000E-01  0.000E+00  1.550E+03  7.751E+02 -5.168E-02  7.264E-02
 1  2.692E-01  1.000E-01  0.000E+00  1.550E+03  7.751E+02  1.528E-01  5.385E-01
 1  5.696E-01  1.000E-01  0.000E+00  1.550E+03  7.751E+02  4.194E-01  1.139E+00
 1  9.539E-01  1.000E-01  0.000E+00  1.550E+03  7.751E+02  7.618E-01  1.908E+00
 1  1.446E+00  1.000E-01  0.000E+00  1.550E+03  7.751E+02  1.200E+00  2.893E+00
 1  2.082E+00  1.000E-01  0.000E+00  1.550E+03  7.751E+02  1.764E+00  4.165E+00
 1  2.915E+00  1.000E-01  0.000E+00  1.550E+03  7.751E+02  2.499E+00  5.831E+00
 1  4.028E+00  1.000E-01  0.000E+00  1.550E+03  7.751E+02  3.472E+00  8.056E+00
 1  5.552E+00  1.000E-01  0.000E+00  1.550E+03  7.751E+02  4.790E+00  1.110E+01
 1  7.709E+00  1.000E-01  0.000E+00  1.550E+03  7.751E+02  6.630E+00  1.542E+01
 1  1.089E+01  1.000E-01  0.000E+00  1.550E+03  7.751E+02  9.301E+00  2.179E+01
 1  1.586E+01  1.000E-01  0.000E+00  1.550E+03  7.751E+02  1.338E+01  3.173E+01
 1  2.423E+01  1.000E-01  0.000E+00  1.550E+03  7.751E+02  2.005E+01  4.846E+01
 1  3.991E+01  1.000E-01  0.000E+00  1.550E+03  7.751E+02  3.207E+01  7.982E+01
 1  7.458E+01  1.000E-01  0.000E+00  1.550E+03  7.751E+02  5.724E+01  1.492E+02
 1  1.768E+02  1.000E-01  0.000E+00  1.550E+03  7.751E+02  1.257E+02  3.537E+02
 2  2.732E-02  1.000E-01  0.000E+00  1.550E+03  7.751E+02 -5.831E-02  5.464E-02
 2  2.537E-01  1.000E-01  0.000E+00  1.550E+03  7.751E+02  1.405E-01  5.074E-01
 2  5.449E-01  1.000E-01  0.000E+00  1.550E+03  7.751E+02  3.993E-01  1.090E+00
 2  9.161E-01  1.000E-01  0.000E+00  1.550E+03  7.751E+02  7.305E-01  1.832E+00
 2  1.390E+00  1.000E-01  0.000E+00  1.550E+03  7.751E+02  1.153E+00  2.779E+00
 2  1.997E+00  1.000E-01  0.000E+00  1.550E+03  7.751E+02  1.693E+00  3.995E+00
 2  2.788E+00  1.000E-01  0.000E+00  1.550E+03  7.751E+02  2.393E+00  5.576E+00
 2  3.834E+00  1.000E-01  0.000E+00  1.550E+03  7.751E+02  3.311E+00  7.668E+00
 2  5.249E+00  1.000E-01  0.000E+00  1.550E+03  7.751E+02  4.542E+00  1.050E+01
 2  7.223E+00  1.000E-01  0.000E+00  1.550E+03  7.751E+02  6.236E+00  1.445E+01
 2  1.008E+01  1.000E-01  0.000E+00  1.550E+03  7.751E+02  8.650E+00  2.016E+01
 2  1.442E+01  1.000E-01  0.000E+00  1.550E+03  7.751E+02  1.225E+01  2.883E+01
 2  2.146E+01  1.000E-01  0.000E+00  1.550E+03  7.751E+02  1.794E+01  4.291E+01
 2  3.396E+01  1.000E-01  0.000E+00  1.550E+03  7.751E+02  2.771E+01  6.793E+01
 2  5.942E+01  1.000E-01  0.000E+00  1.550E+03  7.751E+02  4.669E+01  1.188E+02
 2  1.243E+02  1.000E-01  0.000E+00  1.550E+03  7.751E+02  9.187E+01  2.487E+02
 3  1.038E-02  1.000E-01  0.000E+00  1.550E+03  7.751E+02 -7.078E-02  2.076E-02
 3  2.248E-01  1.000E-01  0.000E+00  1.550E+03  7.751E+02  1.176E-01  4.497E-01
 3  5.000E-01  1.000E-01  0.000E+00  1.550E+03  7.751E+02  3.624E-01  9.999E-01
 3  8.492E-01  1.000E-01  0.000E+00  1.550E+03  7.751E+02  6.746E-01  1.698E+00
 3  1.292E+00  1.000E-01  0.000E+00  1.550E+03  7.751E+02  1.071E+00  2.584E+00
 3  1.857E+00  1.000E-01  0.000E+00  1.550E+03  7.751E+02  1.575E+00  3.715E+00
 3  2.586E+00  1.000E-01  0.000E+00  1.550E+03  7.751E+02  2.222E+00  5.173E+00
 3  3.541E+00  1.000E-01  0.000E+00  1.550E+03  7.751E+02  3.064E+00  7.082E+00
 3  4.818E+00  1.000E-01  0.000E+00  1.550E+03  7.751E+02  4.180E+00  9.636E+00
 3  6.572E+00  1.000E-01  0.000E+00  1.550E+03  7.751E+02  5.695E+00  1.314E+01
 3  9.065E+00  1.000E-01  0.000E+00  1.550E+03  7.751E+02  7.818E+00  1.813E+01
 3  1.276E+01  1.000E-01  0.000E+00  1.550E+03  7.751E+02  1.091E+01  2.553E+01
 3  1.859E+01  1.000E-01  0.000E+00  1.550E+03  7.751E+02  1.568E+01  3.717E+01
 3  2.850E+01  1.000E-01  0.000E+00  1.550E+03  7.751E+02  2.354E+01  5.701E+01
 3  4.749E+01  1.000E-01  0.000E+00  1.550E+03  7.751E+02  3.800E+01  9.499E+01
 3  9.141E+01  1.000E-01  0.000E+00  1.550E+03  7.751E+02  6.945E+01  1.828E+02
 4  1.861E-01  1.000E-01  0.000E+00  1.550E+03  7.751E+02  8.669E-02  3.722E-01
 4  4.411E-01  1.000E-01  0.000E+00  1.550E+03  7.751E+02  3.136E-01  8.823E-01
 4  7.642E-01  1.000E-01  0.000E+00  1.550E+03  7.751E+02  6.027E-01  1.528E+00
 4  1.172E+00  1.000E-01  0.000E+00  1.550E+03  7.751E+02  9.683E-01  2.345E+00
 4  1.691E+00  1.000E-01  0.000E+00  1.550E+03  7.751E+02  1.432E+00  3.382E+00
 4  2.355E+00  1.000E-01  0.000E+00  1.550E+03  7.751E+02  2.023E+00  4.710E+00
 4  3.218E+00  1.000E-01  0.000E+00  1.550E+03  7.751E+02  2.786E+00  6.435E+00
 4  4.360E+00  1.000E-01  0.000E+00  1.550E+03  7.751E+02  3.789E+00  8.721E+00
 4  5.910E+00  1.000E-01  0.000E+00  1.550E+03  7.751E+02  5.135E+00  1.182E+01
 4  8.079E+00  1.000E-01  0.000E+00  1.550E+03  7.751E+02  6.994E+00  1.616E+01
 4  1.124E+01  1.000E-01  0.000E+00  1.550E+03  7.751E+02  9.657E+00  2.247E+01
 4  1.608E+01  1.000E-01  0.000E+00  1.550E+03  7.751E+02  1.366E+01  3.216E+01
 4  2.406E+01  1.000E-01  0.000E+00  1.550E+03  7.751E+02  2.007E+01  4.812E+01
 4  3.864E+01  1.000E-01  0.000E+00  1.550E+03  7.751E+02  3.135E+01  7.728E+01
 4  7.003E+01  1.000E-01  0.000E+00  1.550E+03  7.751E+02  5.433E+01  1.401E+02
 5  1.410E-01  1.000E-01  0.000E+00  1.550E+03  7.751E+02  5.053E-02  2.820E-01
 5  3.741E-01  1.000E-01  0.000E+00  1.550E+03  7.751E+02  2.576E-01  7.483E-01
 5  6.697E-01  1.000E-01  0.000E+00  1.550E+03  7.751E+02  5.219E-01  1.339E+00
 5  1.043E+00  1.000E-01  0.000E+00  1.550E+03  7.751E+02  8.563E-01  2.086E+00
 5  1.515E+00  1.000E-01  0.000E+00  1.550E+03  7.751E+02  1.279E+00  3.030E+00
 5  2.117E+00  1.000E-01  0.000E+00  1.550E+03  7.751E+02  1.816E+00  4.234E+00
 5  2.894E+00  1.000E-01  0.000E+00  1.550E+03  7.751E+02  2.506E+00  5.789E+00
 5  3.915E+00  1.000E-01  0.000E+00  1.550E+03  7.751E+02  3.405E+00  7.830E+00
 5  5.285E+00  1.000E-01  0.000E+00  1.550E+03  7.751E+02  4.600E+00  1.057E+01
 5  7.177E+00  1.000E-01  0.000E+00  1.550E+03  7.751E+02  6.231E+00  1.435E+01
 5  9.886E+00  1.000E-01  0.000E+00  1.550E+03  7.751E+02  8.531E+00  1.977E+01
 5  1.396E+01  1.000E-01  0.000E+00  1.550E+03  7.751E+02  1.192E+01  2.791E+01
 5  2.048E+01  1.000E-01  0.000E+00  1.550E+03  7.751E+02  1.722E+01  4.096E+01
 5  3.195E+01  1.000E-01  0.000E+00  1.550E+03  7.751E+02  2.622E+01  6.391E+01
 5  5.534E+01  1.000E-01  0.000E+00  1.550E+03  7.751E+02  4.365E+01  1.107E+02
 6  9.251E-02  1.000E-01  0.000E+00  1.550E+03  7.751E+02  1.158E-02  1.850E-01
 6  3.031E-01  1.000E-01  0.000E+00  1.550E+03  7.751E+02  1.978E-01  6.063E-01
 6  5.715E-01  1.000E-01  0.000E+00  1.550E+03  7.751E+02  4.373E-01  1.143E+00
 6  9.106E-01  1.000E-01  0.000E+00  1.550E+03  7.751E+02  7.411E-01  1.821E+00
 6  1.339E+00  1.000E-01  0.000E+00  1.550E+03  7.751E+02  1.125E+00  2.678E+00
 6  1.884E+00  1.000E-01  0.000E+00  1.550E+03  7.751E+02  1.612E+00  3.768E+00
 6  2.584E+00  1.000E-01  0.000E+00  1.550E+03  7.751E+02  2.234E+00  5.167E+00
 6  3.496E+00  1.000E-01  0.000E+00  1.550E+03  7.751E+02  3.040E+00  6.992E+00
 6  4.709E+00  1.000E-01  0.000E+00  1.550E+03  7.751E+02  4.103E+00  9.419E+00
 6  6.366E+00  1.000E-01  0.000E+00  1.550E+03  7.751E+02  5.538E+00  1.273E+01
 6  8.706E+00  1.000E-01  0.000E+00  1.550E+03  7.751E+02  7.536E+00  1.741E+01
 6  1.216E+01  1.000E-01  0.000E+00  1.550E+03  7.751E+02  1.043E+01  2.432E+01
 6  1.757E+01  1.000E-01  0.000E+00  1.550E+03  7.751E+02  1.486E+01  3.513E+01
 6  2.679E+01  1.000E-01  0.000E+00  1.550E+03  7.751E+02  2.218E+01  5.358E+01
 6  4.477E+01  1.000E-01  0.000E+00  1.550E+03  7.751E+02  3.578E+01  8.955E+01
