 1 -1.36058E+01  1.00000E-01  0.00000E+00  1.55029E+03
 1 -3.40145E+00  1.00000E-01  0.00000E+00  1.55029E+03
 1 -1.51176E+00  1.00000E-01  0.00000E+00  1.55029E+03
 1 -8.50362E-01  1.00000E-01  0.00000E+00  1.55029E+03
 1 -5.44232E-01  1.00000E-01  0.00000E+00  1.55029E+03
 1 -3.77725E-01  1.00000E-01  0.00000E+00  1.55029E+03
 1 -2.66605E-01  1.00000E-01  0.00000E+00  1.55029E+03
 1 -1.39670E-01  1.00000E-01  0.00000E+00  1.55029E+03
 2 -3.40145E+00  1.00000E-01  0.00000E+00  1.55029E+03
 2 -1.51176E+00  1.00000E-01  0.00000E+00  1.55029E+03
 2 -8.50362E-01  1.00000E-01  0.00000E+00  1.55029E+03
 2 -5.44232E-01  1.00000E-01  0.00000E+00  1.55029E+03
 2 -3.77760E-01  1.00000E-01  0.00000E+00  1.55029E+03
 2 -2.67651E-01  1.00000E-01  0.00000E+00  1.55029E+03
 2 -1.43929E-01  1.00000E-01  0.00000E+00  1.55029E+03
 3 -1.51176E+00  1.00000E-01  0.00000E+00  1.55029E+03
 3 -8.50362E-01  1.00000E-01  0.00000E+00  1.55029E+03
 3 -5.44232E-01  1.00000E-01  0.00000E+00  1.55029E+03
 3 -3.77817E-01  1.00000E-01  0.00000E+00  1.55029E+03
 3 -2.69540E-01  1.00000E-01  0.00000E+00  1.55029E+03
 3 -1.51949E-01  1.00000E-01  0.00000E+00  1.55029E+03
 4 -8.50362E-01  1.00000E-01  0.00000E+00  1.55029E+03
 4 -5.44232E-01  1.00000E-01  0.00000E+00  1.55029E+03
 4 -3.77874E-01  1.00000E-01  0.00000E+00  1.55029E+03
 4 -2.71901E-01  1.00000E-01  0.00000E+00  1.55029E+03
 4 -1.62821E-01  1.00000E-01  0.00000E+00  1.55029E+03
 4 -1.27261E-02  1.00000E-01  0.00000E+00  1.55029E+03
 5 -5.44232E-01  1.00000E-01  0.00000E+00  1.55029E+03
 5 -3.77915E-01  1.00000E-01  0.00000E+00  1.55029E+03
 5 -2.74264E-01  1.00000E-01  0.00000E+00  1.55029E+03
 5 -1.75357E-01  1.00000E-01  0.00000E+00  1.55029E+03
 5 -3.99655E-02  1.00000E-01  0.00000E+00  1.55029E+03
 6 -3.77934E-01  1.00000E-01  0.00000E+00  1.55029E+03
 6 -2.76164E-01  1.00000E-01  0.00000E+00  1.55029E+03
 6 -1.88179E-01  1.00000E-01  0.00000E+00  1.55029E+03
 6 -6.93470E-02  1.00000E-01  0.00000E+00  1.55029E+03
